VERTICIES

GOLV	

COORDS					INDEX
-3.0, 0.0, -5.0 	 		0
5.0, 0.0, -5.0				1
0.0, 6.0, -5.0				2
10.0, 6.0, -5.0				3
13.0, 0.0, -5.0				4
10.0, -6.0, -5.0			5
0.0,-6.0, -5.0				6

TAK
-3.0, 0.0, 5.0 		 		7
5.0, 0.0, 5.0				8
0.0, 6.0, 5.0				9
10.0, 6.0, 5.0				10
13.0, 0.0, 5.0				11
10.0, -6.0, 5.0				12
0.0,-6.0, 5.0				13

TRIANGLES

VERTICIES			NORMAL			INDEX		TILLHÖRIGHET
1, 2, 0				0.0, 0.0, 1.0		0		golv
1, 3, 2				0.0, 0.0, 1.0		1		golv
1, 4, 3 			0.0, 0.0, 1.0		2		golv
1, 5, 4				0.0, 0.0, 1.0		3		golv
1, 6, 5				0.0, 0.0, 1.0		4		golv
1, 0, 6				0.0, 0.0, 1.0		5		golv

8, 9, 7				0.0, 0.0, -1.0		6		tak
8, 10, 9			0.0, 0.0, -1.0		7		tak
8, 11, 10			0.0, 0.0, -1.0		8		tak
8, 12, 11			0.0, 0.0, -1.0		9		tak
8, 13, 12			0.0, 0.0, -1.0		10		tak
8, 7, 13			0.0, 0.0, -1.0		11		tak

2, 7, 0		1/sqrt(5) 2.0, -1.0, 0.0	12		sida VB
2, 9, 7		1/sqrt(5) 2.0, -1.0, 0.0	13		sida VB
3, 9, 2				0.0, -1.0, 0.0		14		sida B
3, 10, 9			0.0, -1.0, 0.0		15		sida B	
4, 10, 3	1/sqrt(5) -2.0, -1.0, 0.0	16		sida HB
4, 11, 10	1/sqrt(5) -2.0, -1.0, 0.0	17		sida HB

5, 11, 4	1/sqrt(5) -2.0, 1.0, 0.0	18		sida HF
5, 12, 11  	1/sqrt(5) -2.0, 1.0, 0.0	19		sida HF
6, 12, 5			0.0, 1.0, 0.0		20		sida F
6, 13, 12			0.0, 1.0, 0.0		21		sida F 
0, 13, 6	1/sqrt(5) 2.0, 1.0, 0.0		22		sida VF
0, 7, 13	1/sqrt(5) 2.0, 1.0, 0.0		23		sida VF







